1552643120
1788751258
1678312580
1636725524
1218378916
1489058145
1752051607
1192693487
1426514777
1396962922
1869649049
1226106091
1462468382
1481973745
1479455791
1277228370
1006487902
1334416391
1930014004
1568954471
1507639053
1315937492
1738055995
1846569310
1756965181
1333075933
1886181675
1717575386
1288383043
1221604079
1431939894
1927031504
1457199277
1396520066
1204111909
1736970017
1633340993
1451751909
1640848160
1412423674
1324124121
1752910812
1521443455
1308609858
1712474355
1828572391
1428619937
1126385147
1976879067
1182732576
1312525807
1379542792
1295601717
1369809018
1271015481
1484259718
1582853255
1577487235
1592356346
1590785445
1754165676
1505679791
1493546276
1299958793
1108768636
1999615991
1444417689
1504205845
1190638496
1228443263
1669029140
1539488057
1502121303
1400419572
1596985445
1681374991
1476804638
1641020881
1754755069
1689029147
1243780473
1381629019
1288964834
1718254200
1394338487
1528037044
1570372760
1690042183
1210971815
1386746584
1304714314
1196373558
1236450869
1495910491
1683810340
1201178029
1213318516
1545824321
1153875383
1820850116
1546850158
1703051355
1431984440
1343891628
1265203805
1352715384
1172081943
1703538909
1225929558
1576574975
1582127458
1301787388
1431466036
1265710242
1327560954
1206006704
1567057396
1184107842
1673218392
1311764493
1286190476
1251299061
1480755613
1418914684
1395856738
1634121869
1267446760
1351648201
1309409559
1665721961
1392296309
1251002367
1178971821
1462495221
2107083631
1374284657
1281584440
1606625424
1491700960
1227865338
1207976889
1266711647
1183419958
1215897558
1665991304
1386000370
1782821075
1424515640
1348743974
1424640697
1494502630
1544053508
1702600049
1495205573
1654282772
1401783323
1732009328
1568299437
1654792574
1114342054
1488682656
1368214069
1347683109
1557384522
2146527432
1361588429
1178989752
1181035845
1123462974
1701107630
1737372153
1164858926
1817043280
1497965212
1363655537
1435002446
1870427849
1212951704
1393135635
1377954416
1634650861
1662009611
1571121956
1279559896
1718565703
1195125468
1652523995
1466524640
1447237494
1736753529
1161693635
1154985723
1358470256
1143788846
1431407800
1447433852
1757415051
1159333465
1162677585
1453349237
1128824411
1739020217
1281504169
1295773951
1714446981
1466851795
1359556364
1405039768
1473994223
1548774697
1214967383
1586908877
1430438822
1214719825
1395087207
1449063943
1531805850
1368664616
1371277259
1243539185
1316514446
1312281459
1648758302
1498254585
1487758395
1286611658
1340786703
1317378564
2009249993
1124297683
1306010646
1547839174
1375454576
1867018412
1813203722
1677042076
1827750862
1254433981
1420066358
1484802304
1381999699
1481057494
1382201191
1257173080
1564936332
1650359602
1297984222
1452045471
1323745782
1728559534
2056357298
1193413031
1352476430
1296153058
1683530044
1537519816
1399518914
1170075026
1521911460
1143212758
1593170135
1580997893
1518907976
1189579274
1347977581
1395659502
1175735970
1895029090
1170970418
1459052296
1586683155
1392160803
1244495136
1503290020
1352563267
1517919310
1403022119
1776731372
1237565048
1690028857
1312613991
1135023016
1556082005
1373680412
1563897929
1460408339
1185321057
1611899126
1581592786
1520896230
1978982165
1784164501
1717238515
1503909933
1685732284
1551100477
1545836119
1667946024
1536835024
1194968850
1178172430
1646801369
1809649082
1635997635
1282775725
1381044150
1375872751
1412053777
1458961308
1124469578
1814562063
1616350137
1436148165
1646900985
1229643114
1396980976
1458480018
1173114609
1674122183
1746942647
1427137833
1577118272
1578560523
1362144387
1227111274
1322382696
1288615773
1354483169
1403700919
1356155531
1459255169
1414255764
1360506310
1605256260
1360312678
1179076417
1197643005
1560564974
1836870313
1184950898
1783482370
1244166177
1383972331
1724369228
1122556365
1764753699
1751269525
1745191141
1619178048
1237230499
1362007101
1142271647
1418938994
1373722588
1352024682
1634301810
1247063354
1648405661
1829540626
1738951843
1154091739
1868308960
1609209650
1679629231
1379892874
1156139655
1542360122
1571904734
1071699350
1170167074
1418030406
1319586866
1460724649
1486989007
1218257811
1543214575
1355538151
1174779075
1483385161
1211126930
1321857455
1402322158
1716535825
1561454578
1285616020
1153216287
1421075046
1560242090
1404086628
1423337731
1103986665
1267035238
1464758154
1897418195
1886547320
1448496130
1332184936
1395775816
1314445308
1276949341
1228225729
1531438064
1551191666
1554716563
1680443766
1571934126
1652606860
1225790696
1486036068
1751761807
1305892534
1553495800
1533993812
1332709296
1327682792
1475225805
1260375604
1607730384
1189125688
1338045376
1795779526
1847495948
1559440810
1474785607
1552152889
1200851498
1409309616
1468443585
1106344321
1390084898
1476408246
1230190290
1289642792
1736828635
1247810682
1641454821
1298013880
1627928218
1635294254
1339147628
1241986173
1512617872
1280798183
1489214107
1197278601
1338138716
1385131366
1243802297
1974494664
1780483658
1562233201
1823723676
1655299350
1342769950
1367329933
1424375158
1332480763
1742767781
1669004523
1627432936
1454005687
1503851561
1320715855
1334238781
1441410644
1529913326
1711369830
1145106576
1121649151
1288264329
1615222030
1490966154
1376386888
1837429622
1312827992
1913964419
1559372241
1187754261
1482662851
1177249831
1614269632
1425836445
1445496372
1590039986
1398286306
1494524922
1390508198
1683168565
1280271845
1743286666
1399139748
1294256027
1889284025
1696478089
1718319635
1431797507
1308402638
1478005647
1548295614
1520855508
1556954871
1605521324
1387057265
1787144668
1702020493
1442585851
1662381327
1305987102
1489475467
1863450501
1152156072
1224624669
1686210190
1886380628
1406312726
1241078461
1665610896
1523598700
1539101659
1716812549
1938313564
1159298529
1584747394
1192507835
1259417502
1343157805
1361967019
1674041114
1732999829
1585973194
1352222008
1471600767
1349944309
1209656531
1374781815
1293811608
1721827002
1471804579
1253569604
1226087565
1253415143
1525362849
1719184467
1303234261
1771212656
1409521802
1206582385
1198663844
1391944115
1455916626
1240857581
1686221797
1377687395
1309976776
2132123569
1736902816
1434194408
1724047251
1393636417
1286964820
1389801331
1412030062
2127327041
1159683498
1741171711
1487031368
1342416625
1507517903
1306353747
1181183862
1582285261
1532992500
1338158228
1440853444
1524540627
1601278492
1560927695
1751043967
1284573976
1378044858
1524320328
1400689598
1768040028
1371522160
1165327457
1642762100
1161666782
1868072922
1616982609
1862471903
1355484230
1187855052
1885251068
1840427235
1279779603
1219205111
1392360528
1685743971
1823164044
1150170803
1465250732
1305823871
1198318740
1342907473
1562577837
1680119163
1409769678
1613297044
1200935534
1463594599
1354567709
1183406261
1607298595
1439749762
1668300748
1198792739
1321593888
1280930625
1379911144
1222724690
1501117514
1462902998
1670450983
1487992005
1444118193
1226804730
1451734813
1309275951
1401776504
1070928018
1477617325
1618011374
1549607324
1362498404
1150466939
1262568706
1393306282
1216094972
1913612460
1723849316
1583188112
1542445888
1533771795
1221641920
1431969843
1457751873
1247944141
1645840052
1510245276
1163458372
1320034707
1200982608
1535898451
1752949266
1377348929
1666857057
1546474474
1377789757
1430871715
1618276098
1167712455
1432046589
1379885267
1240932140
1159745627
1301956626
1471013762
1242711358
1524269006
1237497453
1414430173
1598632382
1915998931
1251832674
1688740001
1505810475
1774317506
1520645722
1609107023
1007441022
1595487809
1429136166
1202663304
1436510507
1553682720
1239939505
1335927003
1426197400
1217943384
2062033851
1210238774
1224251296
1353373709
1542818621
1587042551
1292024994
1476259470
1338829305
1343572701
1063178820
1500170445
1526863815
1789538445
1985590128
1863746179
1604781169
1329817180
1600784760
1263228393
1710608986
1450730912
1581409867
1198797125
1574413166
1655090564
1379589644
1692116310
1452274756
1258425142
1845303406
1504492434
1162455109
1450352976
1209399023
1733585580
1272690921
1527350484
1790606722
1336158480
1389291359
1538421188
1844449831
1494184892
1717962556
1947915305
1552676093
1731195994
1217716282
1926557233
1252305087
1926080359
1637083552
1457265061
1507353494
1211729377
1345036168
1339034480
1197078666
1565162683
1583158122
1241104111
1231827803
1419869637
1183277855
1355853581
1704694192
1709446932
1304909613
1734488413
1311713270
1557928051
1360640620
1442696526
1570747587
1441966762
1772636449
1433194886
2093026128
1252779197
1151559496
1153203052
1800562619
1502581999
1588401551
1510390098
1761721141
1665409794
1735192716
1320895946
1167449348
1892673171
1892685933
1477523752
1584995381
1796884368
1200497997
1378071163
1502366068
1982728230
1290937994
1389301983
1950217998
1256606831
1299764760
1301381155
1525546583
1064404455
1215547780
1198604468
1192889466
1288170960
1430718183
1631581136
1512122529
1822274148
1737156344
1234879611
1495275257
1178474616
1447448468
1679742320
1496684640
1892511215
1546919871
1672700864
1476482601
1313845689
1499178716
1615423877
1267564162
1329029113
1419769554
1424701732
1323461770
1311195423
1180407961
1439770155
1603259782
1590388791
1610691334
1438225073
1611327347
1284210553
1177343133
1503441403
1328283078
1061726407
1493715782
1488460572
1893470039
1283676624
1503815042
1762884118
1467860278
1289723501
1389725417
1238699782
1315856681
1667159563
1154906575
1755528075
1266447726
1194311638
1377801388
1705085213
1274452037
1722419178
1532868094
1331107890
1308162694
1732022906
1766260282
1626093529
1287350383
1188824289
1560393411
1619656536
1789179155
1523361238
1584468009
1506454910
1464363648
1798405830
1578631109
1508417999
1591842844
1531181142
1358907673
1952698754
1399905467
1719758452
1804566122
1300197748
1685104904
1516604816
1256911156
1629760253
1803556145
1567577288
1654648480
1180731551
1219913508
1397823859
1453326058
1385359964
1879312368
1565678853
1561184542
1729029800
1606170788
1522055131
1547702749
1378740031
1518686636
1209406859
1786357685
1681625609
1575748742
1311625904
1699280490
1550788209
1278803402
1819956919
1747682707
1789205591
1428120357
1963273765
1353784706
1342124678
1699181712
1207409863
1758387125
1235322843
1746820827
1922288569
1326953563
1456970200
1236313353
1372292457
1519526182
1134050590
1615390331
1285755139
1202407111
1461663093
1254687420
1748616934
1179278028
1650048283
1274125755
1172300894
1406518177
1743979428
1754900082
1514883692
1464978131
1383817108
1396523026
1483975025
1736585493
1395012363
1493564859
1422038988
1740353877
2039534483
1415540626
1369450276
1268367825
1483494771
1636876924
1687003089
1248561441
1266622669
1842546942
1358255690
1248330220
1480014461
1904632320
1119266873
1318801077
1434548666
1386715712
1754714046
1905119305
1474943879
1236301365
1287926433
1472984514
1577672601
1309646152
1643422206
1467702947
1185595401
1183239054
1372677491
1441177004
1468809242
1860751210
1305127566
1114979820
1242067700
1183471422
1509467338
1532949519
1799863508
1176720498
1344343968
1566910178
1483766496
1465036310
1162696510
1256478354
1935301320
1591537692
1681273120
1215623441
1471208744
1484892948
1177663783
1947835305
1220444255
1231086927
1786245921
1284730631
1517345629
1603546864
1697760392
1460480415
1201720595
1161209697
1544315679
1332030398
1187039733
1503081863
1306142249
1446774338
1203994504
1643755063
1193277918
1371527142
1580051037
1453083689
1524234738
1418792063
1228770013
1222613198
1630013155
1507167857
1261274600
1570616034
1546743507
1252412179
1359126476
1550381148
1700353479
1430230870
1573389423
1218571268
1109172819
1653562191
1632590073
1446225709
1505561788
1571047962
1841372594
1204405445
1480632020
1612374133
1485965396
1590974429
1748931484
1366741223
1609068167
1717616361
1289043648
1160247415
1783043491
1273979975
1281358063
1494683613
1229525984
1325172648
1284504089
1076821871
1604583001
1670307139
1627480627
1260451818
1622631183
1598867029
1293386804
1426705601
1854002073
1184806134
1085146001
1475513236
1499098030
1738743147
1472320067
1385849490
1259654935
1274590445
1656855666
1189063768
1789486929
1259355405
1450908211
1666562545
1795730498
1677662944
1391050626
1268857064
1530636970
1833386999
1365109750
1111693396
1464534148
1634228424
1241320063
1380553840
1446573122
1198081777
1281587368
1174100164
1636041890
1485236117
1779578165
1336395926
1429771341
1362144174
1074380832
1524881523
1425017720
1088678000
1417164314
1400113416
1549930878
1368720807
1588035736
1791374052
1589995016
1244678147
1181209380
1426405093
1495967019
1487497592
1467804338
1528191655
1519572376
1705417918
1157694700
1225155207
1226210398
1372478722
1422646676
1316260134
1271165022
1288278215
1725528270
1331018627
1635027132
1245690309
1403191153
1419172508
1056710815
1303509753
1326554793
1712948893
1422594647
1228507102
1686390841
1287519497
1424694729
1584297691
1557895622
1236792235
1488146725
1882358545
1499238445
1328494876
1335481317
1597211510
1520660720
1710079056
1395735403
1536391833
1279658538
1601053024
1865515101
1912044161
1581294490
1246785147
1291574327
1453748219
1406218006
1864974063
1289134753
1501604361
1264758341
1750687750
1241336568
1349224756
1384464252
1193951369
1314876910
1857324670
1739070936
1351627149
2114909068
1446426609
1503807717
1574679707
1122014578
1781248221
1603785305
1477870931
1481113195
1214146098
1442267655
1532694294
1701316353
1579606497
1178173760
1893940410
1165371167
1555275768
1225233612
1888363361
1352430068
1522139662
1231951133
1703270011
1780029414
1592213383
1323239317
1260467483
1198815276
1236944076
1235541026
1523136871
1555171535
1383387430
1161865850
1375190592
1237264824
1286399361
1159995502
1588658373
1709615572
1611638369
1518893786
1415610619
1505536433
1847655558
1487485898
1349134300
1697956036
1213174695
1572268654
1201078745
1470757978
1439492971
1556411797
1630926231
1276744491
1382837603
1555206615
1342732796
1229725610
1613733277
1868441246
1380223582
1572439903
1279884824
1218122455
1124977613
1519327645
1408950146
1296064373
1492926111
1352558334
1458450017
1406496719
1462338131
1429321216
1311640172
1296136050
1787425073
1559368423
1310984791
1978350790
1412209577
1476148374
1521850202
1723547068
1301962344
1415013239
1740511938
1986227103
1379039949
1270227966
1485055811
1429973272
1733665935
1347315672
1256460390
1771242105
1206487059
1388823141
1170602868
1380887229
1405021412
1746437335
1466820863
1869282842
1367565889
1765209205
1346843277
1394010098
1664587994
1187992240
1263562410
1283286173
1157941368
1439805450
1451741448
1315982102
1167917648
1173829750
1338491120
1246679365
1418419383
1132702319
1940936164
1459279278
1454381433
1973676748
1224324472
1736933304
1354272408
1697410513
1576820061
1221838623
1264004317
1541301506
1732734418
1540331551
1946230130
1241569577
1448158720
1227367829
1450985011
1594065391
1823878393
1562915578
1522130964
1183768534
1253186867
1314534499
1787750034
1893965885
1771689721
1510585775
1529675733
1649652512
1889434755
1943623174
1815959173
1792776994
1266621279
1174496099
1614805428
1393250978
1359706873
1273352672
1448327003
1313218767
1218816980
1538581956
1047000621
1474820505
1553858221
1318489644
1193509345
1199937451
1733813417
1459547116
1493122667
1685703106
1621633219
1557143820
1210860671
1378664824
1791792597
1601416255
1719763262
1182887916
1961484464
1335569831
1545188670
1297779158
1618644996
1510010080
1338013431
1435599583
1219772271
1460369248
1640427825
1586391011
1662024265
1208822671
1236323150
1443026296
1859918135
1712662887
1329487298
1490979480
1216122870
1254300628
1624681782
1757287511
1888451968
1485675956
1200222752
1975432155
1761094695
1434154316
1154516759
1462265934
1523213057
1539055103
1164654592
1003201003
1281786764
1328197089
1278150061
1361496098
1131206848
1318584900
1448089317
1859529930
1218188435
1966712997
1790723011
1574299654
1439151583
1431122063
1362973632
1125902924
1884129985
1712724504
1622188654
1776814430
1295158110
1290364799
1480023970
1100325392
1654245814
1319795822
1965528015
1666011640
1406599970
1166778853
1331125917
1364415148
1540439181
1728630568
1780858880
1877106959
1711518321
1667892395
1126728483
1575632239
1453048209
1213408926
1272032163
1612473323
1560954316
1248922838
1411852291
1227682995
1892278513
1918758886
1427882992
1269271365
1714708082
1478525033
1475871815
1399901142
1198176234
1781480731
1748794888
1299867815
1797934292
1248400519
1684266592
1100114789
1497207724
1315025726
1628233831
1589292463
1586726956
1186286007
1198620354
1101425425
1688009930
1133714736
1183623630
1251616164
1006503122
2113740534
1742986130
1301017298
1556778972
1457932772
1587308215
1347750130
1454491055
1318071299
1599412170
1552402606
1620420179
1374926040
1238824601
1727903139
1356399682
1248796948
1409156722
1746513801
1814696367
1687763045
1687072719
1271635049
1381858242
1406180653
1500903887
1223497695
1383999758
1968519744
1843144242
1464517727
1265355020
1052310610
1223843057
1313753380
1628651599
1118691233
1299331568
1393032584
1786049224
1670525959
1735387179
1158589681
1455652893
1749678298
1242718395
1410273150
1206753742
1667203101
1248029563
1348318451
1516041244
1851878592
1250848320
1414274894
1424717415
1780703538
1462618160
1426335604
1412487613
1310284190
1372067979
1513343545
1370474834
1313202840
2106287593
1751191884
1808980982
1753544870
1894614648
1314862452
1323996551
1787652578
1569105023
1814356245
1425793554
1770431296
1762668380
1648599675
1236160282
1164809690
1540895952
1310294120
1411689414
1783265837
1290755230
1174266028
1193924772
1208752296
1910782282
1182558412
1289440817
1777164947
1351629678
1765060016
1561414522
1512745363
1526420667
1803772622
1770253976
1569480577
1779703586
1254948939
1422022914
1388268658
1674863401
1157742664
1485708905
1645537815
1570295646
1848087732
1500467148
1798015811
1918010981
1059539316
1245922703
1343399997
1199364163
1265009432
1909671501
1599786765
1229595346
1241613842
1240066460
1485762120
1504927254
1544708817
1366504973
1584139394
1988365219
1423570364
1378626018
1482211747
1450982950
1224759271
1270367504
1148605737
1486844693
1228652829
1111942726
1367715360
1571004930
1236566143
1540454992
1537314018
1559624754
1392668964
1177009403
1694647096
1157127741
1272491467
1395665083
1595633733
1694032422
1208775369
1594987584
1212206074
1747867172
1747193290
1941820247
1495059782
1463044089
1286965124
1700377442
1353914108
1587493383
1432375310
1951536758
1406639052
1426807772
1359034275
1259076070
1744213786
1738012349
1645653032
1547099583
1563462610
1736965803
1884315722
1153026272
1569767828
1173883961
1500473024
1616601589
1214313659
1746608515
1346828196
1302086965
1432345705
1266462588
1192801724
1543002499
1407529970
1205984341
1215210548
1484789346
1821182470
1430763294
1396266047
1654370779
1445593024
1665361998
1283560951
1729988435
1179907854
1222136442
1648401823
1261642133
1839025232
1592795893
1152890479
1750368327
1373385240
1738494108
1313869882
1250528261
1712809840
1555110835
1777242868
1790323322
1301711481
1401018513
1533643663
1533807137
1549852695
1603930280
1406312796
1240287085
1188577450
1181926208
1404711849
1649605561
1627163997
1955459198
1312506228
1451096190
1333906316
1630369277
1602045149
1981634396
1284266233
1765375626
1530006003
1435867408
1728598651
1577090001
1657267379
1316167635
1748601570
1189442596
1378328618
1397696379
1918782844
1440826143
1323823201
2008164900
1316014005
1304566659
1441214026
1304621870
1158473362
1436982140
1208363454
1740890082
1673788628
1307980640
1186004479
1406584199
1444900790
1284814122
1481413795
1530898453
1150127959
1182836606
1330314395
1481880114
1453476633
1420697550
1433739130
1342258034
1653186209
1769161169
2087947584
1579365446
1779852398
1980990420
1711445162
1202647908
1690218380
1768415628
1398392863
1215680808
1442471043
1473825311
1398194522
1386550951
1575061921
1782517628
1294427507
1449749474
1325472072
1572880003
1433508046
1635838579
1477144747
1493574542
1428555681
1359093050
1167562160
1157521395
1157878978
1151338081
1734855723
1687123713
1690745300
1523746180
1441572128
1471186378
1513440701
1434032104
1738695631
1374739131
1374290756
1502891683
1521336454
1346348472
1892548111
1186272570
1402539164
1868498457
1790132027
1415400227
1332495411
1362482073
1056931839
1749863312
1616211511
1865684227
1459890679
1196914078
1422783499
1760391031
1205177672
1348999410
1416825407
1244408152
1259156257
1153213611
1603123489
1691132236
1456460829
1708275513
1775082098
1417804427
1276210696
1177134182
1276534058
1179034598
1153277850
1512287350
1408963933
1559574590
1190116618
1762841137
1672536590
1390383616
1443355249
1191337185
1396590070
1424447171
1694584269
1577025703
1610847856
1466056636
1422765723
1611294208
1366038257
1796202071
1914318514
1150823493
1514704000
1238186694
1799076376
1413373546
1391166244
1622961907
1575586675
1807679102
1749881050
1523482082
1487229384
1239881982
1632724867
1707066592
1544258161
1497242922
1636061770
1843791996
1831452771
1469367369
1284549569
1094071520
1662536568
1650198367
1235600144
1682616877
1454483401
1463152432
1196678385
1727617249
1408063027
1435273881
1911170503
1848911075
1542974255
1708985672
1256952599
1448553183
1268431610
1601653229
1218048270
1256798984
1123996107
1597016323
1625429257
1553663568
1955337464
1677718683
1406007767
1494182773
1189630490
1179556108
1220574942
1774498770
1494079933
1688240075
1182136885
1280037158
1749472240
1353088446
1295452195
1980294410
1891533321
1331156269
1777650412
1530514330
1223948282
1497557323
1462204779
1684938110
1528753600
1501745237
1156840976
1237211576
1201387909
1333640561
1344049428
1187303991
1652592500
1504541380
1208435934
1339908661
1249639046
1307612653
1565446331
1006593884
1186014271
1653444989
1301504542
1009564209
1218820135
1241526249
1526924065
1685160309
1563702507
1165298312
1297392364
1321650946
1949630835
1477245922
1727826599
1700627311
1589698712
1599118736
1444834982
1300351181
1742189612
1756251476
1689567258
1891165770
1672360211
1247335145
1277769680
1417918807
1781077324
1193616013
1193808115
1241816060
1805205855
1294043535
1635242898
1933824462
1776703705
1723351687
1298550894
1254888611
1675935750
1499017567
1155189272
1441594855
1457781433
1437102099
1606432449
1920490407
1420872987
1430198615
1386712755
1508748747
1447464618
1300686753
1369047939
1622703826
1649377538
1229189522
1987014811
1595312122
1522046510
1232010707
1177366528
1869803619
1163456914
1695241183
1076104361
1368943584
1601335247
1291420989
1236692705
1501982109
2027802192
1468991298
1773238950
1291390698
1642492327
1374344693
1580932570
1346601028
1794393847
1513205732
1663746692
1327769806
1350954050
1488498126
1858328979
1378759358
1377192176
1348157542
1526600990
1549817820
1770191894
1428386287
1477162808
1632429005
1337651839
1259484976
1461798795
1816839114
1795183969
1165436895
1878811773
1327768907
1450478912
1391746484
1383794242
1157934484
1480856656
1392849104
1626643481
1277860703
1565936811
1489345803
1199705443
1459513255
1470253077
1504865263
1295863972
1566689408
1488618837
1709651008
1161417695
1581422814
1267710385
1393751373
1565806806
1449383803
1381868392
1604013007
1385803508
1002241008
1521298920
1143420371
1259066690
1237612356
1862984451
1884604161
1219724693
1444443883
1579495946
1168719239
1459616253
1584776713
1331553743
1634149087
1318445791
1598983595
1724236141
1797058345
1362281610
1732680641
1155455414
1633525712
1325572722
1198356818
1244107710
1608972483
1284777512
1462787865
1315090862
1576533968
1960788307
1558630349
1666087487
1152614126
1298470499
1367842804
1786864843
1481668064
1257450020
1408598946
1165251693
1310712123
1458759868
1285626101
1935548191
1191616239
1436448891
1405553162
1399644889
1872148401
1839165850
1151473843
1376229112
1243452853
1202221883
1934327425
1638412470
1556745269
1288830597
1258929913
1311494636
1153417603
1980356414
1479416235
1796878140
1569983319
1571505334
1479150744
1269266578
1316481800
1306298170
1660546783
1525304661
1417622051
1257892169
1502132422
1243943686
1147792930
1839913190
1749100529
1231516509
1379280560
1710483575
1572184605
1579761996
1742545516
1474635205
1419385125
1374383326
1832645649
1384828952
1741701520
1448398353
1168253251
1698069654
1272372993
1365605699
1208773054
1572759472
1292891939
1385767179
1211378130
1756017644
1215770357
1369965558
1184692987
1154349808
1665264874
1161902223
1174609051
1404077180
1111348665
1189992075
1438839844
1732294447
1176633798
1381078975
1366733672
1177028439
1731141767
1552270721
1864796573
1265978709
1529958951
1157505243
1432517233
1430016526
1277477770
1242298429
1420364954
1449301164
1512177298
1556532090
1213283525
1319058745
1214168367
1228474199
1749288389
1313918749
1261012353
1408892393
1372051396
1372339094
1957957613
1299243727
1262529462
1553235615
2115135087
1203648452
1289536077
1696458472
1695003422
1270366474
1294818162
1583248917
1399304572
1421741607
1371670256
1153280955
1866025717
1571325873
1656091384
1236762836
1789594176
1337848451
1416776525
1775367635
1790360641
1360560133
1722857638
1239928262
1299972536
1824126706
1735786006
1704560389
1388718997
1005640892
1417136439
1078029387
1464441573
1942534341
1747539086
1688612327
1261662782
1170161057
1202360909
1912185447
1320327712
1498340513
1475055956
1251037899
1327612611
1756986591
1392068756
1135646634
1833123742
1492693959
1715640144
1446230084
1648519401
1828686465
1848932775
1403720833
1588185705
1177171390
1754159430
1177377458
1319427729
1251213737
1315536406
1179793684
1202997098
1589700190
1230882821
1200687490
1487926594
1447918198
1361275505
1451007801
1582909819
1441012574
1290451508
1202848919
1520230767
1309289060
1484556996
1219452476
1368913263
1224530855
1785432269
1574100298
1198897235
1314940146
1315978892
1431381663
1643519230
1491330863
1281882856
1867870408
1462467662
1464373947
1673681584
1219599426
1794672787
1779069845
1319789694
1657331448
1720438560
1376448051
1754770464
1498082367
1408885817
1539349143
1494504799
1817175997
1167535778
1614758277
1349268671
1190089761
1461066183
1763365383
1344376987
1371071380
1337029197
1744304214
1641365258
1511123742
1670337174
1661733108
1533737979
1595174369
1351183231
1503777305
1294067978
1603402247
1430102248
1195516479
1138211056
1776516140
1698936175
1661060954
1737884128
1798652652
1882801237
1591808919
1416929192
1321349265
1295082945
1861490682
1879897072
1608489078
2144744818
1476153826
1671501925
1217415403
1614454414
1447996781
1641009748
1393338633
1387702893
1700237518
1860507616
1207160247
1572609091
1897352735
1378394792
1428550845
1772942955
1265102479
1795988787
1241431274
1188775189
1473616396
1515550732
1190719712
1777788043
1565335110
1544475064
1285432333
1569766600
1451475029
1573639550
1138914412
1695822299
1354519249
1657895248
1425033666
1658360674
1865360391
1321032251
1838224798
1433899100
1126621715
1404401882
1334948557
1494861483
1535346145
1205290870
1157916019
1117621398
1386417883
1278885864
1215855026
1281732112
1399023890
1479011234
1366317305
1352874316
1575439029
1160758840
1338989461
1273487030
1473868914
1663090522
1473219657
1412674332
1568390846
1479940932
1509456618
1751786446
1484456572
1009232144
1538034327
1476968140
1199628484
1277530433
1516745557
1458250241
1791088927
1745908766
1678176012
1531757301
1461467091
1453679440
1212794630
1306113812
1441123669
1451647369
1308154465
1481497131
1132004943
1189602473
1375690723
1400526750
1681050227
1174870867
1512374873
1488153290
1729727132
1292629765
1535636824
1168479046
1584437600
1327228579
1542220963
1419194942
1288416834
1179142792
1420163264
1822132230
1213280001
1526475293
1409723089
1857708523
1177682077
1587229330
1254284187
1856372450
1397256503
1392881643
1155872100
1605480929
1553314789
1003446799
1750928864
1451964930
1281270661
1486660921
1479713925
1258257921
1505167899
1506229787
1360304990
1445506169
1178694333
1425890591
1770998951
1101047453
1822782095
1207019051
1472115475
1471661862
1210204721
1209257336
1577810626
1216464646
1695789910
1494349893
1572822723
1492843884
1380332721
1630886599
1743556907
1180696465
1479202492
2131533783
1330128221
1780554031
1844749214
1574215399
1661827486
1468952692
1610151032
1572839120
1575337367
1434456306
1358262728
1254320097
1191148156
1371602637
1689246164
1763646793
1198634999
1655916686
1868257528
1552714228
1110598624
1257157877
1749103723
1259982348
1233999174
1283844820
1487521699
1328939101
1476223347
1448177831
1748069693
1581801430
1440870040
1569330798
1267436051
1344675430
1452037375
1644529814
1825032292
1451887788
1417697666
1205299143
1356671522
1268244265
1215599389
1693261165
1913856767
1745703453
1845802297
1722672504
1931843410
1601749767
1703373052
1173959343
1528346167
1360037740
1601588368
1133664809
1277235544
1323405787
1404298449
1705313414
1597987792
1606254367
1164844795
1581484029
1413938031
1169660515
1711108496
1201116972
1299996537
1427026955
1432287543
1319091868
1394469182
1730114792
1696111827
1236383661
1484632264
1525018667
1697846192
1483571973
1387950084
1829993472
1393299198
1320218918
1463946772
1310816122
1311048846
1191316794
1721863927
1403230299
1716178562
1516099665
1401259760
1490918926
1420139058
1543600172
1373919618
1186984718
1255997890
1359972833
1649361333
1356129852
1509059142
1254130032
1559374319
1478154831
1791345960
1262139960
1288266428
1546885086
1551561150
1928777191
1647188782
1102335963
1723128830
1816554154
1488116922
1880980617
1387302806
1556054753
1309415498
1650585463
1159745805
1119329569
1517986133
1472802395
1727549437
1542876864
1861410139
1309772084
1534132631
1357176156
1700852359
1448303292
1250466818
1172030846
1537236648
1482446857
1135840821
1446713341
1415730911
1609389163
1589523150
1232718898
1157749140
1554655164
1315537070
1161562496
1301591875
1744288010
1259249024
1370832275
1966584277
1277781515
1257850984
1226992845
1461259595
1425371904
1405782560
1522546550
1973780944
1518561032
1579387451
1699313488
1629069468
1547499804
1243708321
1615029022
1455006043
1246481727
1353868111
1416140089
1629809872
1218426919
1220693794
1491910014
1369705087
2010034259
1483369564
1182538386
1354121153
1759278216
1260221957
1426082961
1327737969
1138913957
1047710477
1247376754
1345902394
1534463526
1684061290
1192251998
1192607983
1376671719
1834979481
1836299629
1548612341
1906917470
1674183249
1557443370
1734047722
1210671176
1710529142
1294800309
1361068070
1534734680
1527584823
1433595764
1169387201
1687563151
1169522239
1718348324
1577201420
1326180579
1325946380
1276456925
1514438064
1849116512
1221332550
1252137024
1402885003
1340257438
1392369322
1093585549
1188237003
1676503184
1583512906
1369480999
1751705596
1306199753
1470290383
1219931990
1341787148
1879020554
1243366048
1744467712
1447225715
1475754218
1511338131
1285556320
1670227862
1540217357
1227261527
1461602966
1604836461
1605634441
1356829585
1398967984
1418082644
1243598137
1152900885
1566734646
1536290187
1261024758
1445204459
1203506200
1425317791
1492371400
1624495385
1312540859
1707577710
1326324198
1772176841
1275226052
1660664068
1720598676
1624001294
1630335704
1510243288
1430638220
1301651802
1192950828
1389924996
1724102370
1522184247
1369578274
1271686863
1366401895
1882085159
1260941639
1492199042
1715090433
1848830015
1516888924
1398838432
1618734427
1770896536
1413608534
1197839409
1810182217
1600650358
1418646630
1488054147
1718368350
1818884748
1797766940
1635862402
1466235886
1882860615
1242361420
1228308278
1459493469
1480430374
1708074597
1806443076
1816995279
1837485331
1453495435
1902739187
1821931644
1781302663
1607444509
1893512843
1386429252
1992385045
1719769087
1713870545
1563421071
1417136285
1285995193
1449446770
1151831301
2118387935
1760921665
1156570631
1436533540
1219968876
1474665256
1469193641
1264301656
1538263084
1524168168
1342052850
1316724028
1911162238
1207994469
1708667305
1478405213
1229930766
1429505052
1293946304
1350388924
1473582977
1401863824
1929181336
1312283269
1199759725
1511655355
1375200550
1316415645
1512547348
1602909163
1234911317
1078820429
1390659157
1253240922
1302809019
1399177000
1774818592
1267917236
1468910673
1661375901
1666145755
1822325172
1277693408
1192193228
1777869573
1230318030
1628537559
1773054665
1639733292
1452921969
1442899839
1225920525
1493133964
1369513829
1160031607
1766679337
1313503732
1592557758
1164262590
1275562563
1255633610
1374512182
1366456452
2001544730
1569145406
1152339833
1117535856
1509344730
1306344576
1416828377
1201925467
1478898942
1274662331
1401572976
1540953803
1389299617
1561712231
1613059545
1140695086
1470557935
1641520356
1152482536
1593096204
1712700120
1562043509
1209470592
1933771897
1955403258
1696504565
1173038577
1538307131
1727944473
1781616308
1402422187
1503349611
1399513230
1747256388
1503058896
1401945245
1276599884
1619213891
1397865931
1429840510
1834377858
1198246506
1758146171
1693823759
1715340130
1464046259
1262826356
1150067319
1444127423
1764833936
1773840901
1845320578
1755409500
1202315764
1180728394
1278844630
1739601298
1459513331
1133728729
1358880658
1338724496
1288310848
1441819528
1234401504
1124967465
1170967054
1754511805
1549427109
1736741740
1344050581
1577936566
1359551605
1431402136
1506105299
1151900356
1482482902
1699479026
1457622198
1671759149
1226127871
1777052843
1228946795
2018956407
2029593813
1287167289
1124006077
1216947806
1260196679
1418275811
1559864353
1737804769
1371180674
1177375464
1877097260
1399841990
1223008320
1415768253
1752812508
1365485472
1340605787
1720072130
1972300930
1473681125
1753972310
1221742848
1773327135
1332970384
1513042448
1217699122
1796640424
1709275691
1329188164
1417154849
1279017795
1002274566
1628754550
1694959777
1116479137
1662825622
1452864544
1300461016
1569283173
1487132002
1470996357
1320498036
1425704944
1277454192
1154432073
1468348335
1710801032
1578253160
1476013048
1473491795
1750051506
1433499747
1522694613
1400672412
1263329925
1617420438
1690324597
1238134740
1589671156
1587700090
1342973795
1713719804
1384373882
1793575095
1335356891
1381193366
1184870794
1406393207
1718521708
1544208442
1220770415
1354975375
1448060770
1222617060
1401661571
1741239573
1568784713
1504641637
1252897404
1363308317
1365303715
1488105748
1165887507
1899809185
1227108516
1429095003
1472374861
1792634020
1555752205
1283151103
1763918657
1234339120
1326390831
1282570683
1881190712
1491246429
1537505266
1456400822
1394476907
1196494033
1244428011
1168271044
1254122029
1518161735
1158489814
1173797243
1354169430
1786276259
1358114269
1406147540
1368846992
1785180691
1470973961
1819623727
1486518721
1818523132
1393637762
1735949343
1664033565
1176223343
1689636108
1476553892
1226049930
1493291081
1202933584
1241149309
1474240479
1438734111
1859542583
1340245461
1934217726
1157262013
1269711742
1728676816
1875000039
1180161316
1536694153
1604490887
1210705912
1298513211
2082224197
1351461972
1599141049
1135973695
1607956948
1377378548
1578492987
1328612027
1186102194
1220713754
1732984642
1200795729
1866084519
1418573854
1121453173
1582203588
1317980629
1174792191
1205058642
1603301965
1234589790
1614041121
1443895322
1222423635
1829011516
1791720187
1365605259
1444056222
1314345034
1243621979
1192853565
1656992334
1434035630
1298034294
1533920136
1682029754
1769826071
1624301316
1443119244
1161789591
1392459919
1448192804
1435924810
1542969302
1397262385
1439661646
1583639720
1189159719
1253678656
1293521944
1623527278
1529258280
1493572821
1776422314
1527322197
1962414670
1619727914
1466240256
1508958929
1428373611
1742308451
1513449999
1158053980
1352853017
1368195920
1885478476
1424662703
1366047068
1328224801
1349957470
1802073951
1303253842
1730514183
1361893531
1573606897
1423746290
1154547394
1769601726
1301638760
1305952602
1722732872
1540357347
1431409795
1243026487
1536160897
1542612308
1765571369
1635491701
1373386181
1296941854
1663007696
1163816325
1402904953
1775465962
1327989446
1245218446
1547125098
1789483773
1443540143
1756822011
1286234150
1225238802
1313745933
1597063194
1453677131
1258524115
1363143989
1240551251
1725528078
1526041539
1345508292
1667297072
1436580730
1344036835
1744702409
1676275372
1399924901
1273293057
1396307876
1343155188
1906233517
1192792319
1565363672
1481320011
1163702054
1777497580
1331507956
1852429030
1510814813
1648195631
1235460875
1344944850
1352460568
1198754473
1459149290
1274881717
1499479949
1423822876
1278070362
1477630864
1701270205
1497999028
1681471668
1610611277
1552516357
1321304299
1375281500
1339029850
1796339420
1518960967
1453773786
1494949544
1527278997
1252009612
1400109716
1812164120
1218984147
1587963546
1221544190
1077844889
1481689621
1291904838
1168815860
1281703321
1458362851
1985616452
1235856851
1988169952
1792459382
1202621400
1280643931
1570647760
1176873233
1780566037
1416521780
1659095488
1566584280
1494471836
1297911165
1734749508
1510090796
1166653136
1446852861
1301080055
1519349758
1630624840
1472621232
1418206626
1396332892
1540450105
1862413344
1369146847
1256358610
1757184627
1414752428
1186487003
1819868482
1365732058
1537958926
2085508785
1436195161
1523025456
1497029994
1759943392
1313413308
1208655562
1465021801
1396959873
1218540199
1746222102
1249147251
1310412959
1186130543
1237220198
1556809608
1677998409
1487005489
1169204338
1430627063
1237672852
1429376506
1272327119
1268413926
1747072371
1235779695
1712621622
1177971698
1410209474
1396974302
1783886148
1371395762
1241883652
1361305865
1342640904
1417269033
1666040029
1862389059
1316535428
1585929908
1357671420
1655590279
1216442906
1488008634
1214175257
1185290693
1308519094
1256811124
1347275416
1849659334
1893947717
1408988846
1296009106
1182038013
1416609640
1121103896
1578532637
1296454372
1111884422
1377363748
1338436586
1277729328
1217183266
1189398247
1202548726
1354564248
1200152226
1794810251
1201191009
1588424897
1308022031
1676792317
1547070424
1164244065
1653555472
1553335228
1286858981
1349618580
1382619060
1372740663
1280278804
1170161792
1384013495
1404658297
1657347097
1425016717
1865955229
1102936998
1766990528
1356772724
1309391643
1645094121
1689103555
1312609236
1619553498
1122846719
1193871734
1359721786
1232910440
1275510382
1227917167
1661430108
1781932964
1401781959
1461781369
1537333365
1483315008
1602013715
1271898042
1522327998
1715729749
1339448863
1607444107
1363846199
1247511582
1691498779
1702470249
1015292296
1441006691
1715008046
1436022779
1155042186
1370848446
1412770923
1190986829
1740625825
1719363721
1497966175
1565083823
1157306055
1568515441
1583358445
1789840095
1549574113
1142519036
1386754264
1930521125
1402477339
1391409918
1299363067
1232038614
1305122330
1124981346
1311957508
1767673249
1418374486
1398223931
1397959859
1569265955
1361890342
1208912534
1386076691
1365472532
1447527282
1590638448
1570185540
1281174886
1287712473
1679006641
1642586321
1424835583
1975380365
1072998817
1512832641
1412773550
1482280860
1298419885
1510294627
1237950065
1576562559
1478528781
1129001829
1869469009
1463866355
1179670911
1677370161
1621241134
1793721834
1331985748
1584896343
1756763182
1413218238
1417754610
1586101872
1078154570
1584245709
1476381993
1693963971
1799519626
1469194521
1568241389
1983439683
1767818116
1952352648
1478404948
1476263926
1651581330
1519496783
1349293134
1226077970
1546914426
1914261965
1496549244
1311719747
1529432085
1345476292
1302100322
1370680737
1195705444
1125764495
1367624577
1634301883
1236037451
1395904646
1489392719
1539507134
1803418713
1682173396
1546716692
1720573651
1522792021
1276921740
1704987134
1485815632
1210295875
1175406915
1804905770
1324507054
1435921338
1790041464
1254045216
1218356629
1533844580
1784685486
1179039866
1710182598
1471999473
1305802033
1241640422
1430826036
1316560023
1347502045
1481429348
1170804137
1598688454
1884199968
2100061607
1274115091
1488338305
1702668001
1562258004
1421642915
1421642163
1389661054
1575840377
1569308915
1379903122
1948220743
1517200518
1471176138
1150948788
1681451107
1314530987
1389473425
1579542728
1991096763
1611659443
1523918899
1367699415
1663954653
1770041164
1390110533
1668818735
1610690382
1626267802
1613000527
1344052773
1770588460
1662843860
1256336075
1566170749
1745483005
1625168059
1695399245
1969895932
1469427430
1811291549
1691934576
1984053449
1586239095
1274605221
1236498620
1798187566
1290992967
1982094495
1713401429
1487651257
1622931218
1198067150
1497795942
1682723963
1824112558
1595587992
1356091203
1416732974
1211805925
1625437643
1430702838
1572427323
1408208498
1673159168
1223172477
1760395905
1661360162
1406408275
1411382557
1988192690
1558933546
1720822628
1791576731
1049507817
1579102713
1778507012
1844792184
1642792863
1430876393
1514915024
1679159223
1762302984
1215705388
1242021964
1823878472
1647981589
1099505434
1239878493
1642737506
1531464744
1418626942
1361571144
1761162081
1805833538
1314766297
1693479942
1563578236
1613564118
1362890584
1372547996
1157970949
1138409069
1424954946
1312012190
1111072403
1368820239
1246399823
1325367040
1210735373
1241522830
2070061747
1773879520
1355391147
1078383576
1226347393
1467327751
1252719245
1447259941
1435088198
1211907549
1554754094
1569449763
1583201738
1826126110
1240116473
1927266523
1861861596
1273253988
1383076907
1507532411
1326212941
1374104008
2002703163
1660853432
1174758149
1001959950
1230993257
1761178773
1213858882
1587292022
1413468511
1264723428
1127981699
1516468820
1270162566
1806409641
1752533280
1368334613
1659000706
1774223896
1553393529
1758476679
1900950642
1462723677
1386115201
1851441463
1484588762
1730890685
1497239454
1266933884
1549192076
1556508900
1401460680
1817388272
1444061737
1326517595
1830680453
1494406837
1468411244
1060382283
1306341782
1478560988
1223219553
1419037956
1206731745
1389105056
1476098095
1673157009
1450764128
1104943842
1715719559
1201190823
1322667292
1176189666
1689830145
1569323998
1632213172
1179463210
1757164048
1286715200
1310081110
1194877324
1405149934
1625109870
1357587722
1490461830
1287368344
1553210323
1890512481
1622905872
1259532630
1647823932
1154247823
1188011340
1187620806
1281778647
1450778039
1564175131
1136853565
1725814440
1185166270
1911251210
1761388765
1108708634
1476600076
1761546580
1461035007
1532533441
1475394323
1445249867
1457907213
1583593485
1328912314
1539637950
1070386585
1542824858
1169588791
1781365966
1277170192
1735821414
1940137316
1545144935
1573689873
1701363060
1621136820
1430156731
1339546599
1508207239
1649386047
1596051564
1148563594
1471556598
1131567456
1666212368
1420285629
1465550494
1435182536
1066365644
1402802245
1397549713
1354407383
1499539797
1656928465
1537872370
1894327916
1252634473
1355219851
1504714141
1323381886
1554628622
1825914004
1506579632
1813205535
1490038096
1835123299
1237620692
1473305275
1346350333
1440278424
1180096088
1466785722
1120586363
1580738242
1279521348
1399498448
1243395172
1368657909
1692130042
2125246028
1312742207
1799604616
1428470505
1391253363
1173217681
1476570774
1127543485
1743562262
1697653773
1198060795
1529315593
1516405535
1673760423
1801456382
1284622328
1622002763
1513268671
1481292203
1569105542
1773479303
1714161094
1440339460
1761523256
1580957515
1302871845
1400620337
1548771242
1822184731
1314849560
1239929872
1265936035
1299044836
1666206873
1299657682
1626865852
1472455498
1588498358
1380079518
1146672533
1426736617
1576464346
1160507923
1658530505
1202282433
1272499414
1205688614
1222466962
1343341889
1462449225
1669500809
1473063214
1599453905
1224761681
1396163912
1415454528
1187440417
1517205150
1678507191
1155139617
1638063356
1958784988
1168034208
1491651867
1399191621
1501027771
1391778554
1404624049
1357814932
1117739214
1751015742
1674490677
1160889108
1309817511
1373055636
1511051676
1976635263
1441371337
1713714101
1206524065
1679931902
1358480794
1603224763
1156088090
1472348871
1388515177
1433359687
1638948981
1192564159
1757113990
1644403637
1236656004
1319942292
1313488033
1613275908
1448471269
1377965025
1365461594
1488996730
1161828736
1795504927
1969241088
1651845746
1897250172
1274194997
1750760209
1235233307
1295366802
1370729841
1199867227
1630873539
1699275615
1233019767
1456982531
1113475151
1266318176
1267565136
1563361970
1444582681
1776180854
1355948022
1876078108
1165311094
1484781164
1614820483
1453810131
1459035940
1180675348
1114559886
1703783358
1274153044
1633601535
1470232241
1430163960
1751351553
1551545852
1246008893
1273771484
1879481877
1281432672
1484471145
1288641123
1488015076
1393050950
1336362576
1531569003
1463072914
1175628802
1229475939
1532486919
1150849367
1219417644
1221819549
1390885815
1457214055
1321695674
1298315925
1618921441
1203037656
1414759983
1377373233
1487195700
1490370746
1973090987
1566634646
1460829616
1449931439
1569726506
1214872737
1526750797
1710812541
1157696061
1290232269
1967801113
1723061210
1699139808
1586128872
1887054569
1714426677
1334271006
1535418383
1206185993
1400593729
1397328657
1653815040
1462122805
1692263086
1784587195
1655979710
1167566598
1640437693
1165115565
1799924876
1765608515
1365714763
1548758513
1321683891
1893566243
1485493510
1671675029
1769209859
1579470613
1372214610
1239104184
1354537629
1163045258
1730549657
1074511071
1561996843
1576325170
1154121149
1188544652
1903362854
1406710854
1640920079
1622823372
1624777562
1296093290
1662736673
1322064667
1213356530
1329489576
1148989322
1384836446
1175039331
1718683233
1259662508
1409891629
1460580619
1542032467
1217676350
1224841710
2073371836
1709391021
1759406628
1678417910
1252205010
1558219865
1340554071
1515064143
1263133498
1294694867
1523723904
1279979182
1315130945
1229725526
1204644045
1686915182
1302189891
1505531663
1444450647
1420710690
1477083756
1591046067
1804501726
1869384330
1512626692
1430011414
1417052630
1882849832
1776806074
1479163323
1230070043
1528819783
1376291380
1560401142
1855462468
1194226877
1261266646
1436256482
1766399777
1449413523
1229601342
1537086904
1636361408
1355910718
1671721539
1797761036
1447597072
1352980893
1380295060
1810395443
1404322007
1664011271
1728753181
1462926267
1587901189
1551330262
1564237208
1585071160
1160118899
1435947075
1201759723
1324000650
1539710436
1774600371
1161434992
1725031782
1150884913
1334997836
1796308263
1785189043
1643231808
1567474809
1799683575
1839308717
1587024313
1382953361
1301728924
1346266477
1325036945
1111927139
1463580712
1895065826
1406018936
1510341333
1355625116
1305795976
1755209582
1502274887
1668346868
1478469231
1690776129
1480240831
1951999395
1394291867
1910155003
1463782470
1585858635
1527889304
1524531854
1427627803
1780012873
1428108023
1619909453
1307280568
1200746757
1193955155
1783986700
1760907112
1528196234
1538250596
1126156342
1584166923
1639675297
1456080014
1868510501
1401087367
1569470796
1575498751
1527787436
1287938671
1367175036
1439023556
1462978404
1571980867
1716253789
1792131016
1273023511
1778171385
1341403870
1466271872
1385054189
1390589826
1180010975
1231166616
1648731713
1342970222
1425952062
1456196169
1198383923
1384104860
1436626673
1195286743
1473506806
1383761175
1394303875
1785460370
1554659461
1218132733
1496585637
1095945263
1598990767
1563895513
1737712038
1203889090
1648144237
1015361156
1219605902
1785612791
1784030079
1910329740
1181812648
1246079957
1945348817
1509091711
1626824086
1464787001
1210458630
1373150338
1604286997
1286910958
1282476287
1700689119
1516620402
1406300635
1370023850
1155714507
1369291599
1476235808
1389988104
1500307468
1230392525
1593269815
1587339530
1269909528
1150424885
1408736710
1469309761
1212307538
1673715522
1557971062
1555966391
1602654620
1516260341
1232861332
1514809842
1579681129
1556953097
1196783243
1416313434
1167629371
1292443164
1777145287
1568847342
1344808957
1492775754
1488289712
1320598051
1747573850
1739602554
1911261049
1813566476
1478177369
1720470032
1700423147
1342836912
1487260040
1454615418
1387906230
1486745287
1526194218
1210618765
1718933935
1198174011
1479683518
1382810021
1409921689
1684708052
1154874887
1455853973
1527325272
1173848079
1707925411
1499321379
1708447594
1554854430
1333635088
1387912140
1258765795
1666092743
1686460116
1493064098
1476060410
1552702345
1507914085
1952165884
1753495910
1552392367
1195901626
1644721505
1284476671
1294932356
1855573664
1630829782
1665947215
1226800917
1477509146
1283804016
1332262008
1130733492
1521595396
1153113736
1597719802
1364970434
1466649887
1289546762
1805997598
1613419920
1560096892
1429623715
1332435351
1466180915
1368943376
1830393386
1441954286
1728912652
1459678750
1224619086
1903186953
1270281435
1545383908
1219891644
1434310561
1487163901
1698802667
1150407420
1349708200
1486663797
1200092673
1496043828
1787853784
1569897932
1222367550
1445556115
1353327538
1240582843
1303955035
1291861760
1790633524
1420821664
1387645188
1230609499
1293573903
1188597137
1778919596
1323992627
1066741008
1392944420
1393468460
1644753504
1523897653
1193715733
1267153638
1199395285
1322538036
1323879954
1823003480
1292157382
1790142463
1313843729
1345729145
1392497248
1482798121
1669822219
1342454566
1204230883
1517192996
1369053464
1552214436
1195438885
1468304807
1195956199
1721660775
1297004749
1438889330
1424398008
1220318149
1336487490
1065720342
1427451038
1153555809
1619645862
1574910916
1663887385
1357837149
1521020455
1485083686
1764712946
1626702076
1746515199
1177722682
1175926478
1292587807
1193718143
1805754696
1187741976
1576234226
1319555792
1416066997
1817553373
1507451003
1176353382
1552304586
1757794398
1463152142
1437910004
1455473725
1684234525
1163099534
1894704878
1698448191
1681022970
1692538789
1777157408
1493429493
1461449783
1637191190
1258381645
1169804189
1517518699
1277828946
1681539189
1383580752
1304838471
1113698239
1528472384
1567879904
1186390158
1450364875
1677754346
1299528948
1378845376
1399575625
1327073191
1264643776
1518420080
1592628173
1715144594
1840238787
1757817750
1525582192
1173778116
1428265917
1408071793
1592900900
1222655991
1478038036
1763299159
1715798803
1878862878
1346407356
1159723647
1428002172
1507279274
1172171084
1298320756
1376783604
1130389842
1573898179
1184411100
1704554025
1283479526
1448041020
1549494836
1557861129
1207040987
1167975799
1262683626
1239502899
1664618143
1537563959
1763449428
1984462170
1727717921
1453823710
1766808822
1525839106
1453689696
1840125676
1606553365
1448934279
1279824711
1669471817
1352858583
1732246036
1309976245
1346297140
1428949284
1154706320
1207948664
1108403053
1337894333
1191889385
1338997959
1488438431
1593064904
1559794587
1137409088
1541576162
1071601736
1423461839
1758820844
1782113644
1455769876
1358404526
1293572159
1978557769
1344408999
1261990259
1104272575
1339917211
1331707987
1843795954
1262436457
1757782986
1252147944
1417498651
1409946616
1210231451
1496802417
1462068468
1774012376
1277512758
1606175049
1554967100
1383983916
1968986365
1491544884
1407356475
1506794568
1209438364
1225654397
1582057915
1461503575
1350144672
1550958250
1538642018
1637534388
1324060080
1136479756
1129367091
1629952489
1446050066
1519438641
1419659262
1697640361
1124034561
1568626911
1405842043
1179270258
1711652853
1783996031
1301020102
1595615823
1195181653
1564378170
1207063333
1531620030
1701270205
1369047939
1701270205
1583188112
1421741607
1358404526
1701270205
1494502630
1648405661
1269909528
1384836446
1228946795
1466240256
1136479756
1088678000
1641020881
1218571268
1329029113
1390659157
1635491701
1445593024
1357814932
1535403205
1336487490
1461449783
1701270205
1488105748
1635491701
1374512182
1522129471
1228946795
1236450869
